0 0.54108 0.460417 0.375587 0.545833
0 0.54284 0.451042 0.381455 0.572917
0 0.732394 0.503125 0.535211 0.764583
0 0.723005 0.501042 0.553991 0.75625
0 0.732394 0.502083 0.535211 0.758333
0 0.72946 0.501042 0.54108 0.75625
0 0.72007 0.501042 0.559859 0.752083
0 0.664906 0.495833 0.665493 0.7375
0 0.538146 0.520833 0.60446 0.583333
0 0.534038 0.517708 0.633803 0.585417
0 0.735915 0.479167 0.502347 0.691667
0 0.663146 0.414583 0.591549 0.579167
0 0.489437 0.513542 0.413146 0.56875
0 0.492371 0.514583 0.421362 0.579167
0 0.494131 0.517708 0.42723 0.60625
0 0.491197 0.516667 0.435446 0.6
0 0.493545 0.522917 0.428404 0.6125
0 0.492958 0.520833 0.43662 0.616667
0 0.501761 0.517708 0.491784 0.622917
0 0.514085 0.51875 0.50939 0.625
0 0.512324 0.515625 0.512911 0.622917
0 0.514085 0.515625 0.528169 0.627083
0 0.514085 0.513542 0.539906 0.639583
0 0.508803 0.5125 0.538732 0.6375
0 0.512324 0.498958 0.550469 0.63125
0 0.521714 0.496875 0.562207 0.635417
0 0.52993 0.496875 0.564554 0.639583
0 0.531103 0.49375 0.564554 0.645833
0 0.532277 0.49375 0.573944 0.658333
0 0.533451 0.49375 0.578638 0.658333
0 0.52993 0.490625 0.583333 0.660417
0 0.535211 0.488542 0.58216 0.664583
0 0.54284 0.488542 0.578638 0.672917
0 0.548709 0.488542 0.59507 0.677083
0 0.55223 0.489583 0.597418 0.683333
0 0.55223 0.490625 0.602113 0.689583
0 0.553991 0.4875 0.607981 0.6875
0 0.555164 0.488542 0.607981 0.685417
0 0.559272 0.484375 0.611502 0.689583
0 0.555751 0.482292 0.630282 0.689583
0 0.555751 0.482292 0.627934 0.69375
0 0.555751 0.48125 0.630282 0.695833
0 0.559859 0.482292 0.63615 0.697917
0 0.559859 0.482292 0.638498 0.697917
0 0.560446 0.48125 0.644366 0.7
0 0.56162 0.482292 0.639671 0.70625
0 0.566315 0.482292 0.637324 0.710417
0 0.539319 0.485417 0.684272 0.716667
0 0.498239 0.465625 0.214789 0.547917
0 0.498239 0.465625 0.212441 0.54375
0 0.497653 0.464583 0.211268 0.545833
0 0.497066 0.463542 0.212441 0.552083
0 0.500587 0.465625 0.219484 0.560417
0 0.497653 0.4625 0.213615 0.558333
0 0.499413 0.4625 0.212441 0.558333
0 0.496479 0.458333 0.206573 0.5625
0 0.495892 0.458333 0.207746 0.558333
0 0.493545 0.439583 0.224178 0.566667
0 0.495892 0.440625 0.238263 0.58125
0 0.495305 0.438542 0.246479 0.585417
0 0.494131 0.436458 0.244131 0.585417
0 0.489437 0.4375 0.244131 0.591667
0 0.486502 0.4375 0.247653 0.591667
0 0.485329 0.438542 0.254695 0.59375
0 0.482394 0.4375 0.276995 0.595833
0 0.478286 0.436458 0.294601 0.597917
0 0.475939 0.439583 0.311033 0.608333
0 0.473592 0.440625 0.32277 0.614583
0 0.465376 0.440625 0.341549 0.61875
0 0.45892 0.441667 0.361502 0.625
0 0.455399 0.440625 0.361502 0.622917
0 0.455986 0.439583 0.362676 0.620833
0 0.455399 0.435417 0.366197 0.608333
0 0.454225 0.429167 0.373239 0.591667
0 0.450704 0.422917 0.377934 0.583333
0 0.448357 0.423958 0.387324 0.59375
0 0.451291 0.423958 0.397887 0.597917
0 0.498239 0.434375 0.376761 0.622917
0 0.498239 0.433333 0.383803 0.620833
0 0.497653 0.432292 0.384977 0.622917
0 0.492958 0.433333 0.384977 0.625
0 0.495305 0.433333 0.382629 0.625
0 0.493545 0.43125 0.38615 0.620833
0 0.493545 0.43125 0.390845 0.620833
0 0.496479 0.432292 0.401408 0.622917
0 0.498239 0.433333 0.411972 0.629167
0 0.497066 0.434375 0.416667 0.63125
0 0.497066 0.433333 0.423709 0.629167
0 0.491197 0.434375 0.421362 0.63125
0 0.487089 0.434375 0.42723 0.63125
0 0.481808 0.434375 0.421362 0.63125
0 0.482394 0.436458 0.422535 0.635417
0 0.486502 0.438542 0.419014 0.639583
0 0.494718 0.439583 0.433099 0.641667
0 0.491784 0.440625 0.438967 0.64375
0 0.495305 0.441667 0.448357 0.645833
0 0.489437 0.440625 0.448357 0.64375
0 0.494131 0.436458 0.450704 0.635417
0 0.496479 0.434375 0.448357 0.63125
0 0.474765 0.43125 0.40493 0.625
0 0.476526 0.429167 0.410798 0.625
0 0.492958 0.428125 0.438967 0.622917
0 0.495892 0.425 0.437793 0.616667
0 0.485329 0.425 0.435446 0.616667
0 0.482394 0.425 0.43662 0.616667
0 0.487089 0.425 0.438967 0.616667
0 0.480047 0.425 0.434272 0.620833
0 0.482981 0.425 0.435446 0.620833
0 0.470657 0.425 0.422535 0.620833
0 0.480047 0.426042 0.443662 0.61875
0 0.489437 0.427083 0.453052 0.620833
0 0.494718 0.428125 0.46831 0.622917
0 0.511737 0.429167 0.455399 0.625
0 0.510563 0.429167 0.460094 0.625
0 0.499413 0.43125 0.465962 0.625
0 0.498239 0.433333 0.470657 0.625
0 0.498826 0.432292 0.460094 0.622917
0 0.494718 0.434375 0.461268 0.627083
0 0.5 0.435417 0.457746 0.625
0 0.514671 0.4375 0.45892 0.629167
0 0.509977 0.436458 0.461268 0.63125
0 0.512324 0.4375 0.461268 0.633333
0 0.512324 0.438542 0.45892 0.635417
0 0.517606 0.440625 0.471831 0.639583
0 0.501174 0.438542 0.467136 0.635417
0 0.494131 0.440625 0.49061 0.635417
0 0.489437 0.441667 0.504695 0.641667
0 0.49061 0.44375 0.521127 0.645833
0 0.481808 0.451042 0.555164 0.65625
0 0.63615 0.477083 0.565728 0.7
0 0.634977 0.479167 0.561033 0.7
0 0.630282 0.479167 0.568075 0.7
0 0.628521 0.479167 0.571596 0.7
0 0.630282 0.478125 0.57277 0.702083
0 0.635563 0.478125 0.566901 0.702083
0 0.442488 0.441667 0.467136 0.641667
0 0.450117 0.434375 0.482394 0.63125
0 0.507629 0.492708 0.984742 0.797917
0 0.480047 0.473958 0.93662 0.74375
0 0.512324 0.495833 0.573944 0.75
0 0.514671 0.496875 0.573944 0.752083
0 0.518779 0.496875 0.589202 0.752083
0 0.521127 0.496875 0.593897 0.747917
0 0.517019 0.495833 0.602113 0.745833
0 0.521127 0.495833 0.615023 0.745833
0 0.5223 0.495833 0.638498 0.745833
0 0.527582 0.496875 0.649061 0.747917
0 0.516432 0.497917 0.661972 0.75
0 0.513498 0.494792 0.665493 0.739583
0 0.513498 0.495833 0.672535 0.745833
0 0.515258 0.496875 0.687793 0.747917
0 0.52993 0.494792 0.940141 0.777083
0 0.527582 0.494792 0.944836 0.772917
0 0.528756 0.491667 0.923709 0.7625
0 0.522887 0.494792 0.944836 0.777083
0 0.511737 0.492708 0.976526 0.789583
0 0.52054 0.49375 0.95892 0.8
0 0.508803 0.446875 0.982394 0.714583
0 0.51115 0.469792 0.9777 0.752083
0 0.501761 0.476042 0.996479 0.747917
0 0.480634 0.430208 0.951878 0.660417
0 0.515258 0.465625 0.969484 0.74375
0 0.55223 0.255208 0.226526 0.260417
0 0.55223 0.255208 0.226526 0.260417
0 0.55223 0.255208 0.226526 0.260417
0 0.552817 0.25625 0.2277 0.2625
0 0.552817 0.25625 0.230047 0.2625
0 0.553991 0.25625 0.230047 0.2625
0 0.661972 0.451042 0.605634 0.652083
0 0.658451 0.455208 0.593897 0.660417
0 0.662559 0.455208 0.602113 0.660417
0 0.661385 0.454167 0.60446 0.658333
0 0.664319 0.45625 0.612676 0.6625
0 0.661972 0.457292 0.615023 0.664583
0 0.662559 0.470833 0.61385 0.695833
0 0.653756 0.463542 0.612676 0.68125
0 0.649061 0.458333 0.607981 0.670833
0 0.650822 0.461458 0.609155 0.677083
0 0.649061 0.464583 0.610329 0.683333
0 0.650235 0.46875 0.605634 0.6875
0 0.643192 0.473958 0.612676 0.702083
0 0.643192 0.475 0.610329 0.704167
0 0.653756 0.46875 0.605634 0.6875
0 0.650235 0.479167 0.615023 0.708333
0 0.644366 0.484375 0.650235 0.71875
0 0.365023 0.517708 0.556338 0.74375
0 0.372653 0.552083 0.519953 0.654167
0 0.371479 0.554167 0.512911 0.641667
0 0.371479 0.545833 0.512911 0.625
0 0.377934 0.535417 0.50939 0.658333
0 0.330399 0.552083 0.435446 0.633333
0 0.325117 0.520833 0.41784 0.708333
0 0.234742 0.533333 0.469484 0.7125
0 0.233568 0.554167 0.462441 0.670833
0 0.234155 0.529167 0.463615 0.725
0 0.224178 0.529167 0.448357 0.729167
0 0.236502 0.561458 0.456573 0.614583
0 0.246479 0.55 0.455399 0.616667
0 0.650235 0.544792 0.615023 0.572917
0 0.631455 0.551042 0.730047 0.552083
0 0.611502 0.53125 0.767606 0.604167
0 0.61385 0.526042 0.765258 0.627083
0 0.612089 0.510417 0.757042 0.6625
0 0.605634 0.516667 0.776995 0.691667
0 0.588028 0.515625 0.800469 0.760417
0 0.585681 0.516667 0.828638 0.7875
0 0.350352 0.640625 0.233568 0.327083
0 0.340962 0.630208 0.278169 0.347917
0 0.347418 0.604167 0.284038 0.404167
0 0.34331 0.588542 0.329812 0.435417
0 0.339789 0.5875 0.33216 0.441667
0 0.342723 0.582292 0.340376 0.44375
0 0.340376 0.579167 0.347418 0.458333
0 0.346244 0.578125 0.359155 0.464583
0 0.523474 0.552083 0.321596 0.6
0 0.534038 0.555208 0.333333 0.585417
0 0.529343 0.561458 0.347418 0.60625
0 0.538146 0.561458 0.355634 0.60625
0 0.536972 0.563542 0.372066 0.610417
0 0.536972 0.563542 0.38615 0.61875
0 0.545775 0.565625 0.424883 0.61875
0 0.574531 0.4875 0.414319 0.491667
0 0.587441 0.488542 0.40493 0.48125
0 0.596244 0.488542 0.41784 0.472917
0 0.592136 0.513542 0.442488 0.497917
0 0.596831 0.514583 0.451878 0.491667
0 0.606221 0.521875 0.491784 0.489583
0 0.619131 0.51875 0.487089 0.4875
0 0.546362 0.422917 0.397887 0.570833
0 0.539906 0.427083 0.406103 0.566667
0 0.315728 0.519792 0.619718 0.752083
0 0.312207 0.515625 0.615023 0.74375
0 0.31162 0.523958 0.606808 0.73125
0 0.315728 0.51875 0.617371 0.741667
0 0.335681 0.501042 0.631455 0.764583
0 0.338028 0.4875 0.650235 0.716667
0 0.372066 0.480208 0.697183 0.70625
0 0.367958 0.472917 0.679577 0.691667
0 0.377934 0.46875 0.694836 0.683333
0 0.603873 0.564583 0.39554 0.454167
0 0.600939 0.561458 0.408451 0.45625
0 0.598005 0.571875 0.419014 0.464583
0 0.596244 0.577083 0.43662 0.466667
0 0.590962 0.569792 0.447183 0.489583
0 0.585094 0.552083 0.454225 0.475
0 0.575117 0.539583 0.471831 0.479167
0 0.478873 0.485417 0.464789 0.745833
0 0.228286 0.325 0.198357 0.379167
0 0.231221 0.330208 0.201878 0.389583
0 0.232981 0.3375 0.207746 0.404167
0 0.234155 0.340625 0.214789 0.410417
0 0.237676 0.341667 0.214789 0.4125
0 0.237676 0.340625 0.210094 0.402083
0 0.23885 0.341667 0.212441 0.408333
0 0.242958 0.338542 0.215962 0.414583
0 0.245892 0.338542 0.221831 0.41875
0 0.245305 0.341667 0.2277 0.425
0 0.242958 0.338542 0.230047 0.427083
0 0.245305 0.341667 0.232394 0.433333
0 0.54284 0.353125 0.261737 0.427083
0 0.543427 0.352083 0.255869 0.425
0 0.551643 0.357292 0.284038 0.435417
0 0.484742 0.516667 0.448357 0.7125
0 0.488263 0.503125 0.450704 0.735417
0 0.389671 0.492708 0.71831 0.74375
0 0.473592 0.491667 0.562207 0.7375
0 0.475352 0.489583 0.568075 0.733333
0 0.475352 0.489583 0.575117 0.733333
0 0.420188 0.492708 0.70892 0.74375
0 0.428991 0.492708 0.712441 0.74375
0 0.424296 0.491667 0.719484 0.741667
0 0.417254 0.492708 0.726526 0.74375
0 0.422535 0.492708 0.713615 0.74375
0 0.426056 0.492708 0.715962 0.747917
0 0.423122 0.491667 0.721831 0.741667
0 0.423709 0.491667 0.706573 0.741667
0 0.419014 0.494792 0.734742 0.747917
0 0.419601 0.49375 0.735915 0.745833
0 0.42723 0.492708 0.725352 0.74375
0 0.460681 0.490625 0.646714 0.735417
0 0.456573 0.494792 0.64554 0.74375
0 0.430164 0.49375 0.710094 0.745833
0 0.423709 0.49375 0.725352 0.75
0 0.42723 0.492708 0.71831 0.74375
0 0.430751 0.490625 0.720657 0.74375
0 0.428404 0.492708 0.720657 0.74375
0 0.428991 0.489583 0.717136 0.7375
0 0.455399 0.488542 0.647887 0.73125
0 0.425469 0.490625 0.731221 0.739583
0 0.42723 0.491667 0.71831 0.741667
0 0.432512 0.490625 0.707747 0.739583
0 0.453638 0.488542 0.653756 0.73125
0 0.458333 0.491667 0.644366 0.741667
0 0.461854 0.491667 0.642019 0.741667
0 0.46831 0.4875 0.631455 0.729167
0 0.466549 0.490625 0.627934 0.735417
0 0.469484 0.4875 0.624413 0.725
0 0.474178 0.4875 0.619718 0.725
0 0.467723 0.490625 0.620892 0.73125
0 0.43662 0.49375 0.64554 0.741667
0 0.436033 0.492708 0.646714 0.74375
0 0.433685 0.494792 0.646714 0.747917
0 0.430751 0.490625 0.659624 0.739583
0 0.431338 0.4875 0.663146 0.733333
0 0.430751 0.495833 0.671362 0.75
0 0.427817 0.495833 0.681925 0.754167
0 0.429577 0.491667 0.680751 0.741667
0 0.432512 0.49375 0.693662 0.7375
0 0.434859 0.49375 0.693662 0.7375
0 0.434272 0.494792 0.699531 0.74375
0 0.434272 0.495833 0.706573 0.745833
0 0.434859 0.495833 0.703052 0.745833
0 0.434859 0.492708 0.698357 0.73125
0 0.441315 0.494792 0.694836 0.735417
0 0.442488 0.49375 0.694836 0.729167
0 0.442488 0.491667 0.706573 0.733333
0 0.446009 0.491667 0.713615 0.733333
0 0.450704 0.490625 0.70892 0.727083
0 0.451878 0.488542 0.690141 0.727083
0 0.451291 0.491667 0.712441 0.729167
0 0.452465 0.486458 0.693662 0.722917
0 0.453638 0.4875 0.698357 0.725
0 0.455986 0.490625 0.700704 0.735417
0 0.453638 0.491667 0.703052 0.7375
0 0.455986 0.489583 0.712441 0.733333
0 0.455986 0.489583 0.724178 0.733333
0 0.457746 0.490625 0.725352 0.735417
0 0.455986 0.489583 0.728873 0.729167
0 0.45716 0.489583 0.733568 0.733333
0 0.460681 0.489583 0.735915 0.7375
0 0.463028 0.4875 0.733568 0.733333
0 0.459507 0.4875 0.738263 0.733333
0 0.461854 0.489583 0.731221 0.7375
0 0.461268 0.4875 0.730047 0.7375
0 0.463615 0.488542 0.725352 0.735417
0 0.463615 0.492708 0.7277 0.74375
0 0.461854 0.490625 0.726526 0.74375
0 0.45892 0.490625 0.730047 0.735417
0 0.455986 0.4875 0.735915 0.725
0 0.452465 0.4875 0.74061 0.729167
0 0.452465 0.4875 0.742958 0.725
0 0.451878 0.491667 0.744131 0.733333
0 0.450704 0.486458 0.748826 0.722917
0 0.455399 0.490625 0.751174 0.739583
0 0.454812 0.490625 0.757042 0.739583
0 0.454225 0.490625 0.755869 0.73125
0 0.455986 0.488542 0.752347 0.73125
0 0.448357 0.484375 0.748826 0.722917
0 0.451878 0.483333 0.765258 0.725
0 0.450704 0.484375 0.762911 0.71875
0 0.451291 0.48125 0.761737 0.7125
0 0.444836 0.485417 0.758216 0.720833
0 0.444249 0.484375 0.764085 0.722917
0 0.433099 0.486458 0.753521 0.727083
0 0.43662 0.485417 0.762911 0.725
0 0.478286 0.471875 0.571596 0.56875
0 0.546362 0.448958 0.505869 0.65625
0 0.549296 0.452083 0.5 0.658333
0 0.553991 0.451042 0.5 0.660417
0 0.56162 0.4625 0.501174 0.675
0 0.559859 0.453125 0.502347 0.660417
0 0.235329 0.488542 0.470657 0.752083
0 0.507042 0.436458 0.535211 0.63125
0 0.465962 0.4625 0.377934 0.5875
0 0.485915 0.461458 0.342723 0.602083
0 0.484155 0.461458 0.350939 0.627083
0 0.481808 0.46875 0.360329 0.633333
0 0.490023 0.454167 0.350939 0.616667
0 0.49061 0.45 0.366197 0.6125
0 0.474178 0.453125 0.375587 0.627083
0 0.471831 0.460417 0.387324 0.645833
0 0.475352 0.464583 0.392019 0.658333
0 0.475939 0.466667 0.40493 0.670833
0 0.474765 0.46875 0.421362 0.679167
0 0.471831 0.473958 0.420188 0.685417
0 0.472418 0.491667 0.423709 0.695833
0 0.4777 0.508333 0.431925 0.675
0 0.477113 0.544792 0.426056 0.602083
0 0.4777 0.548958 0.431925 0.59375
0 0.481221 0.55 0.446009 0.604167
0 0.474765 0.552083 0.454225 0.616667
0 0.469484 0.544792 0.448357 0.63125
0 0.469484 0.540625 0.448357 0.639583
0 0.478286 0.532292 0.421362 0.647917
0 0.478873 0.522917 0.431925 0.6625
0 0.478286 0.521875 0.442488 0.672917
0 0.486502 0.515625 0.437793 0.685417
0 0.485915 0.513542 0.441315 0.69375
0 0.492371 0.492708 0.451878 0.727083
0 0.512324 0.489583 0.433099 0.733333
0 0.507629 0.485417 0.435446 0.729167
0 0.498826 0.485417 0.438967 0.729167
0 0.492958 0.483333 0.434272 0.720833
0 0.498239 0.483333 0.437793 0.725
0 0.491197 0.480208 0.435446 0.71875
0 0.495305 0.480208 0.450704 0.71875
0 0.497066 0.480208 0.463615 0.71875
0 0.498826 0.480208 0.450704 0.722917
0 0.501761 0.480208 0.465962 0.71875
0 0.492371 0.477083 0.480047 0.7125
0 0.519953 0.470833 0.960094 0.766667
0 0.519366 0.472917 0.961268 0.775
0 0.519953 0.473958 0.960094 0.772917
0 0.559859 0.442708 0.438967 0.63125
0 0.576878 0.45 0.430751 0.629167
0 0.786385 0.341667 0.422535 0.420833
0 0.786385 0.346875 0.42723 0.43125
0 0.695423 0.446875 0.597418 0.652083
0 0.695423 0.451042 0.597418 0.660417
0 0.690141 0.453125 0.610329 0.66875
0 0.691315 0.447917 0.607981 0.6625
0 0.681338 0.448958 0.620892 0.660417
0 0.678991 0.452083 0.627934 0.670833
0 0.66784 0.454167 0.657277 0.670833
0 0.65493 0.458333 0.683099 0.670833
0 0.642606 0.467708 0.714789 0.69375
0 0.661385 0.455208 0.672535 0.660417
0 0.657277 0.448958 0.685446 0.652083
0 0.651408 0.451042 0.697183 0.65625
0 0.649061 0.453125 0.701878 0.660417
0 0.648474 0.452083 0.703052 0.658333
0 0.650235 0.457292 0.699531 0.65625
0 0.643192 0.45625 0.713615 0.6625
0 0.469484 0.45625 0.84507 0.691667
0 0.474178 0.457292 0.833333 0.685417
0 0.470657 0.45625 0.807512 0.683333
0 0.461854 0.4625 0.803991 0.679167
0 0.433685 0.458333 0.803991 0.683333
0 0.438967 0.459375 0.821596 0.697917
0 0.450704 0.4625 0.793427 0.6875
0 0.451291 0.463542 0.803991 0.689583
0 0.451291 0.460417 0.796948 0.683333
0 0.451878 0.460417 0.800469 0.683333
0 0.450117 0.464583 0.818075 0.704167
0 0.451878 0.465625 0.800469 0.697917
0 0.453638 0.459375 0.794601 0.685417
0 0.451291 0.457292 0.792253 0.689583
0 0.447183 0.458333 0.788732 0.679167
0 0.453638 0.455208 0.789906 0.677083
0 0.448944 0.457292 0.792253 0.68125
0 0.449531 0.457292 0.805164 0.702083
0 0.455399 0.458333 0.809859 0.704167
0 0.463028 0.460417 0.808685 0.695833
0 0.468897 0.458333 0.803991 0.691667
0 0.467723 0.460417 0.82277 0.7
0 0.467136 0.459375 0.821596 0.69375
0 0.476526 0.454167 0.821596 0.6875
0 0.476526 0.454167 0.842723 0.683333
0 0.480634 0.452083 0.848592 0.6875
0 0.485329 0.455208 0.846244 0.69375
0 0.488263 0.454167 0.86385 0.683333
0 0.491784 0.45 0.889671 0.7
0 0.498826 0.451042 0.892019 0.714583
0 0.495305 0.459375 0.868545 0.677083
0 0.492958 0.457292 0.877934 0.68125
0 0.497653 0.45625 0.903756 0.695833
0 0.517606 0.455208 0.91784 0.66875
0 0.510563 0.451042 0.92723 0.677083
0 0.518192 0.452083 0.956573 0.670833
0 0.663732 0.45 0.672535 0.641667
0 0.660798 0.455208 0.673709 0.65625
0 0.570423 0.45625 0.516432 0.658333
0 0.54108 0.460417 0.375587 0.545833
0 0.54284 0.451042 0.381455 0.572917
0 0.732394 0.503125 0.535211 0.764583
0 0.723005 0.501042 0.553991 0.75625
0 0.732394 0.502083 0.535211 0.758333
0 0.72946 0.501042 0.54108 0.75625
0 0.72007 0.501042 0.559859 0.752083
0 0.664906 0.495833 0.665493 0.7375
0 0.538146 0.520833 0.60446 0.583333
0 0.534038 0.517708 0.633803 0.585417
0 0.735915 0.479167 0.502347 0.691667
0 0.54108 0.460417 0.375587 0.545833
0 0.54284 0.451042 0.381455 0.572917
0 0.732394 0.503125 0.535211 0.764583
0 0.723005 0.501042 0.553991 0.75625
0 0.732394 0.502083 0.535211 0.758333
0 0.72946 0.501042 0.54108 0.75625
0 0.72007 0.501042 0.559859 0.752083
0 0.664906 0.495833 0.665493 0.7375
0 0.538146 0.520833 0.60446 0.583333
0 0.534038 0.517708 0.633803 0.585417
0 0.735915 0.479167 0.502347 0.691667
0 0.663146 0.414583 0.591549 0.579167
0 0.489437 0.513542 0.413146 0.56875
0 0.492371 0.514583 0.421362 0.579167
0 0.494131 0.517708 0.42723 0.60625
0 0.491197 0.516667 0.435446 0.6
0 0.493545 0.522917 0.428404 0.6125
0 0.492958 0.520833 0.43662 0.616667
0 0.501761 0.517708 0.491784 0.622917
0 0.514085 0.51875 0.50939 0.625
0 0.512324 0.515625 0.512911 0.622917
0 0.514085 0.515625 0.528169 0.627083
0 0.514085 0.513542 0.539906 0.639583
0 0.508803 0.5125 0.538732 0.6375
0 0.512324 0.498958 0.550469 0.63125
0 0.521714 0.496875 0.562207 0.635417
0 0.52993 0.496875 0.564554 0.639583
0 0.531103 0.49375 0.564554 0.645833
0 0.532277 0.49375 0.573944 0.658333
0 0.533451 0.49375 0.578638 0.658333
0 0.52993 0.490625 0.583333 0.660417
0 0.535211 0.488542 0.58216 0.664583
0 0.54284 0.488542 0.578638 0.672917
0 0.548709 0.488542 0.59507 0.677083
0 0.55223 0.489583 0.597418 0.683333
0 0.55223 0.490625 0.602113 0.689583
0 0.553991 0.4875 0.607981 0.6875
0 0.555164 0.488542 0.607981 0.685417
0 0.559272 0.484375 0.611502 0.689583
0 0.555751 0.482292 0.630282 0.689583
0 0.555751 0.482292 0.627934 0.69375
0 0.555751 0.48125 0.630282 0.695833
0 0.559859 0.482292 0.63615 0.697917
0 0.559859 0.482292 0.638498 0.697917
0 0.560446 0.48125 0.644366 0.7
0 0.56162 0.482292 0.639671 0.70625
0 0.566315 0.482292 0.637324 0.710417
0 0.539319 0.485417 0.684272 0.716667
0 0.498239 0.465625 0.214789 0.547917
0 0.498239 0.465625 0.212441 0.54375
0 0.497653 0.464583 0.211268 0.545833
0 0.497066 0.463542 0.212441 0.552083
0 0.500587 0.465625 0.219484 0.560417
0 0.497653 0.4625 0.213615 0.558333
0 0.499413 0.4625 0.212441 0.558333
0 0.496479 0.458333 0.206573 0.5625
0 0.495892 0.458333 0.207746 0.558333
0 0.493545 0.439583 0.224178 0.566667
0 0.495892 0.440625 0.238263 0.58125
0 0.495305 0.438542 0.246479 0.585417
0 0.494131 0.436458 0.244131 0.585417
0 0.489437 0.4375 0.244131 0.591667
0 0.486502 0.4375 0.247653 0.591667
0 0.485329 0.438542 0.254695 0.59375
0 0.482394 0.4375 0.276995 0.595833
0 0.478286 0.436458 0.294601 0.597917
0 0.475939 0.439583 0.311033 0.608333
0 0.473592 0.440625 0.32277 0.614583
0 0.465376 0.440625 0.341549 0.61875
0 0.45892 0.441667 0.361502 0.625
0 0.455399 0.440625 0.361502 0.622917
0 0.455986 0.439583 0.362676 0.620833
0 0.455399 0.435417 0.366197 0.608333
0 0.454225 0.429167 0.373239 0.591667
0 0.450704 0.422917 0.377934 0.583333
0 0.448357 0.423958 0.387324 0.59375
0 0.451291 0.423958 0.397887 0.597917
0 0.498239 0.434375 0.376761 0.622917
0 0.498239 0.433333 0.383803 0.620833
0 0.497653 0.432292 0.384977 0.622917
0 0.492958 0.433333 0.384977 0.625
0 0.495305 0.433333 0.382629 0.625
0 0.493545 0.43125 0.38615 0.620833
0 0.493545 0.43125 0.390845 0.620833
0 0.496479 0.432292 0.401408 0.622917
0 0.498239 0.433333 0.411972 0.629167
0 0.497066 0.434375 0.416667 0.63125
0 0.497066 0.433333 0.423709 0.629167
0 0.491197 0.434375 0.421362 0.63125
0 0.487089 0.434375 0.42723 0.63125
0 0.481808 0.434375 0.421362 0.63125
0 0.482394 0.436458 0.422535 0.635417
0 0.486502 0.438542 0.419014 0.639583
0 0.494718 0.439583 0.433099 0.641667
0 0.491784 0.440625 0.438967 0.64375
0 0.495305 0.441667 0.448357 0.645833
0 0.489437 0.440625 0.448357 0.64375
0 0.494131 0.436458 0.450704 0.635417
0 0.496479 0.434375 0.448357 0.63125
0 0.474765 0.43125 0.40493 0.625
0 0.476526 0.429167 0.410798 0.625
0 0.492958 0.428125 0.438967 0.622917
0 0.495892 0.425 0.437793 0.616667
0 0.485329 0.425 0.435446 0.616667
0 0.482394 0.425 0.43662 0.616667
0 0.487089 0.425 0.438967 0.616667
0 0.480047 0.425 0.434272 0.620833
0 0.482981 0.425 0.435446 0.620833
0 0.470657 0.425 0.422535 0.620833
0 0.480047 0.426042 0.443662 0.61875
0 0.489437 0.427083 0.453052 0.620833
0 0.494718 0.428125 0.46831 0.622917
0 0.511737 0.429167 0.455399 0.625
0 0.510563 0.429167 0.460094 0.625
0 0.499413 0.43125 0.465962 0.625
0 0.498239 0.433333 0.470657 0.625
0 0.498826 0.432292 0.460094 0.622917
0 0.494718 0.434375 0.461268 0.627083
0 0.5 0.435417 0.457746 0.625
0 0.514671 0.4375 0.45892 0.629167
0 0.509977 0.436458 0.461268 0.63125
0 0.512324 0.4375 0.461268 0.633333
0 0.512324 0.438542 0.45892 0.635417
0 0.517606 0.440625 0.471831 0.639583
0 0.501174 0.438542 0.467136 0.635417
0 0.494131 0.440625 0.49061 0.635417
0 0.489437 0.441667 0.504695 0.641667
0 0.49061 0.44375 0.521127 0.645833
0 0.481808 0.451042 0.555164 0.65625
0 0.63615 0.477083 0.565728 0.7
0 0.634977 0.479167 0.561033 0.7
0 0.630282 0.479167 0.568075 0.7
0 0.628521 0.479167 0.571596 0.7
0 0.630282 0.478125 0.57277 0.702083
0 0.635563 0.478125 0.566901 0.702083
0 0.442488 0.441667 0.467136 0.641667
0 0.450117 0.434375 0.482394 0.63125
0 0.507629 0.492708 0.984742 0.797917
0 0.480047 0.473958 0.93662 0.74375
0 0.512324 0.495833 0.573944 0.75
0 0.514671 0.496875 0.573944 0.752083
0 0.518779 0.496875 0.589202 0.752083
0 0.521127 0.496875 0.593897 0.747917
0 0.517019 0.495833 0.602113 0.745833
0 0.521127 0.495833 0.615023 0.745833
0 0.5223 0.495833 0.638498 0.745833
0 0.527582 0.496875 0.649061 0.747917
0 0.516432 0.497917 0.661972 0.75
0 0.513498 0.494792 0.665493 0.739583
0 0.513498 0.495833 0.672535 0.745833
0 0.515258 0.496875 0.687793 0.747917
0 0.52993 0.494792 0.940141 0.777083
0 0.527582 0.494792 0.944836 0.772917
0 0.528756 0.491667 0.923709 0.7625
0 0.522887 0.494792 0.944836 0.777083
0 0.511737 0.492708 0.976526 0.789583
0 0.52054 0.49375 0.95892 0.8
0 0.508803 0.446875 0.982394 0.714583
0 0.51115 0.469792 0.9777 0.752083
0 0.501761 0.476042 0.996479 0.747917
0 0.480634 0.430208 0.951878 0.660417
0 0.515258 0.465625 0.969484 0.74375
0 0.55223 0.255208 0.226526 0.260417
0 0.55223 0.255208 0.226526 0.260417
0 0.55223 0.255208 0.226526 0.260417
0 0.552817 0.25625 0.2277 0.2625
0 0.552817 0.25625 0.230047 0.2625
0 0.553991 0.25625 0.230047 0.2625
0 0.661972 0.451042 0.605634 0.652083
0 0.658451 0.455208 0.593897 0.660417
0 0.662559 0.455208 0.602113 0.660417
0 0.661385 0.454167 0.60446 0.658333
0 0.664319 0.45625 0.612676 0.6625
0 0.661972 0.457292 0.615023 0.664583
0 0.662559 0.470833 0.61385 0.695833
0 0.653756 0.463542 0.612676 0.68125
0 0.649061 0.458333 0.607981 0.670833
0 0.650822 0.461458 0.609155 0.677083
0 0.649061 0.464583 0.610329 0.683333
0 0.650235 0.46875 0.605634 0.6875
0 0.643192 0.473958 0.612676 0.702083
0 0.643192 0.475 0.610329 0.704167
0 0.653756 0.46875 0.605634 0.6875
0 0.650235 0.479167 0.615023 0.708333
0 0.644366 0.484375 0.650235 0.71875
0 0.365023 0.517708 0.556338 0.74375
0 0.372653 0.552083 0.519953 0.654167
0 0.371479 0.554167 0.512911 0.641667
0 0.371479 0.545833 0.512911 0.625
0 0.377934 0.535417 0.50939 0.658333
0 0.330399 0.552083 0.435446 0.633333
0 0.325117 0.520833 0.41784 0.708333
0 0.234742 0.533333 0.469484 0.7125
0 0.233568 0.554167 0.462441 0.670833
0 0.234155 0.529167 0.463615 0.725
0 0.224178 0.529167 0.448357 0.729167
0 0.236502 0.561458 0.456573 0.614583
0 0.246479 0.55 0.455399 0.616667
0 0.650235 0.544792 0.615023 0.572917
0 0.631455 0.551042 0.730047 0.552083
0 0.611502 0.53125 0.767606 0.604167
0 0.61385 0.526042 0.765258 0.627083
0 0.612089 0.510417 0.757042 0.6625
0 0.605634 0.516667 0.776995 0.691667
0 0.588028 0.515625 0.800469 0.760417
0 0.585681 0.516667 0.828638 0.7875
0 0.350352 0.640625 0.233568 0.327083
0 0.340962 0.630208 0.278169 0.347917
0 0.347418 0.604167 0.284038 0.404167
0 0.34331 0.588542 0.329812 0.435417
0 0.339789 0.5875 0.33216 0.441667
0 0.342723 0.582292 0.340376 0.44375
0 0.340376 0.579167 0.347418 0.458333
0 0.346244 0.578125 0.359155 0.464583
0 0.523474 0.552083 0.321596 0.6
0 0.534038 0.555208 0.333333 0.585417
0 0.529343 0.561458 0.347418 0.60625
0 0.538146 0.561458 0.355634 0.60625
0 0.536972 0.563542 0.372066 0.610417
0 0.536972 0.563542 0.38615 0.61875
0 0.545775 0.565625 0.424883 0.61875
0 0.574531 0.4875 0.414319 0.491667
0 0.587441 0.488542 0.40493 0.48125
0 0.596244 0.488542 0.41784 0.472917
0 0.592136 0.513542 0.442488 0.497917
0 0.596831 0.514583 0.451878 0.491667
0 0.606221 0.521875 0.491784 0.489583
0 0.619131 0.51875 0.487089 0.4875
0 0.546362 0.422917 0.397887 0.570833
0 0.539906 0.427083 0.406103 0.566667
0 0.315728 0.519792 0.619718 0.752083
0 0.312207 0.515625 0.615023 0.74375
0 0.31162 0.523958 0.606808 0.73125
0 0.315728 0.51875 0.617371 0.741667
0 0.335681 0.501042 0.631455 0.764583
0 0.338028 0.4875 0.650235 0.716667
0 0.372066 0.480208 0.697183 0.70625
0 0.367958 0.472917 0.679577 0.691667
0 0.377934 0.46875 0.694836 0.683333
0 0.603873 0.564583 0.39554 0.454167
0 0.600939 0.561458 0.408451 0.45625
0 0.598005 0.571875 0.419014 0.464583
0 0.596244 0.577083 0.43662 0.466667
0 0.590962 0.569792 0.447183 0.489583
0 0.585094 0.552083 0.454225 0.475
0 0.575117 0.539583 0.471831 0.479167
0 0.478873 0.485417 0.464789 0.745833
0 0.228286 0.325 0.198357 0.379167
0 0.231221 0.330208 0.201878 0.389583
0 0.232981 0.3375 0.207746 0.404167
0 0.234155 0.340625 0.214789 0.410417
0 0.237676 0.341667 0.214789 0.4125
0 0.237676 0.340625 0.210094 0.402083
0 0.23885 0.341667 0.212441 0.408333
0 0.242958 0.338542 0.215962 0.414583
0 0.245892 0.338542 0.221831 0.41875
0 0.245305 0.341667 0.2277 0.425
0 0.242958 0.338542 0.230047 0.427083
0 0.245305 0.341667 0.232394 0.433333
0 0.54284 0.353125 0.261737 0.427083
0 0.543427 0.352083 0.255869 0.425
0 0.551643 0.357292 0.284038 0.435417
0 0.484742 0.516667 0.448357 0.7125
0 0.488263 0.503125 0.450704 0.735417
0 0.389671 0.492708 0.71831 0.74375
0 0.473592 0.491667 0.562207 0.7375
0 0.475352 0.489583 0.568075 0.733333
0 0.475352 0.489583 0.575117 0.733333
0 0.420188 0.492708 0.70892 0.74375
0 0.428991 0.492708 0.712441 0.74375
0 0.424296 0.491667 0.719484 0.741667
0 0.417254 0.492708 0.726526 0.74375
0 0.422535 0.492708 0.713615 0.74375
0 0.426056 0.492708 0.715962 0.747917
0 0.423122 0.491667 0.721831 0.741667
0 0.423709 0.491667 0.706573 0.741667
0 0.419014 0.494792 0.734742 0.747917
0 0.419601 0.49375 0.735915 0.745833
0 0.42723 0.492708 0.725352 0.74375
0 0.460681 0.490625 0.646714 0.735417
0 0.456573 0.494792 0.64554 0.74375
0 0.430164 0.49375 0.710094 0.745833
0 0.423709 0.49375 0.725352 0.75
0 0.42723 0.492708 0.71831 0.74375
0 0.430751 0.490625 0.720657 0.74375
0 0.428404 0.492708 0.720657 0.74375
0 0.428991 0.489583 0.717136 0.7375
0 0.455399 0.488542 0.647887 0.73125
0 0.425469 0.490625 0.731221 0.739583
0 0.42723 0.491667 0.71831 0.741667
0 0.432512 0.490625 0.707747 0.739583
0 0.453638 0.488542 0.653756 0.73125
0 0.458333 0.491667 0.644366 0.741667
0 0.461854 0.491667 0.642019 0.741667
0 0.46831 0.4875 0.631455 0.729167
0 0.466549 0.490625 0.627934 0.735417
0 0.469484 0.4875 0.624413 0.725
0 0.474178 0.4875 0.619718 0.725
0 0.467723 0.490625 0.620892 0.73125
0 0.43662 0.49375 0.64554 0.741667
0 0.436033 0.492708 0.646714 0.74375
0 0.433685 0.494792 0.646714 0.747917
0 0.430751 0.490625 0.659624 0.739583
0 0.431338 0.4875 0.663146 0.733333
0 0.430751 0.495833 0.671362 0.75
0 0.427817 0.495833 0.681925 0.754167
0 0.429577 0.491667 0.680751 0.741667
0 0.432512 0.49375 0.693662 0.7375
0 0.434859 0.49375 0.693662 0.7375
0 0.434272 0.494792 0.699531 0.74375
0 0.434272 0.495833 0.706573 0.745833
0 0.434859 0.495833 0.703052 0.745833
0 0.434859 0.492708 0.698357 0.73125
0 0.441315 0.494792 0.694836 0.735417
0 0.442488 0.49375 0.694836 0.729167
0 0.442488 0.491667 0.706573 0.733333
0 0.446009 0.491667 0.713615 0.733333
0 0.450704 0.490625 0.70892 0.727083
0 0.451878 0.488542 0.690141 0.727083
0 0.451291 0.491667 0.712441 0.729167
0 0.452465 0.486458 0.693662 0.722917
0 0.453638 0.4875 0.698357 0.725
0 0.455986 0.490625 0.700704 0.735417
0 0.453638 0.491667 0.703052 0.7375
0 0.455986 0.489583 0.712441 0.733333
0 0.455986 0.489583 0.724178 0.733333
0 0.457746 0.490625 0.725352 0.735417
0 0.455986 0.489583 0.728873 0.729167
0 0.45716 0.489583 0.733568 0.733333
0 0.460681 0.489583 0.735915 0.7375
0 0.463028 0.4875 0.733568 0.733333
0 0.459507 0.4875 0.738263 0.733333
0 0.461854 0.489583 0.731221 0.7375
0 0.461268 0.4875 0.730047 0.7375
0 0.463615 0.488542 0.725352 0.735417
0 0.463615 0.492708 0.7277 0.74375
0 0.461854 0.490625 0.726526 0.74375
0 0.45892 0.490625 0.730047 0.735417
0 0.455986 0.4875 0.735915 0.725
0 0.452465 0.4875 0.74061 0.729167
0 0.452465 0.4875 0.742958 0.725
0 0.451878 0.491667 0.744131 0.733333
0 0.450704 0.486458 0.748826 0.722917
0 0.455399 0.490625 0.751174 0.739583
0 0.454812 0.490625 0.757042 0.739583
0 0.454225 0.490625 0.755869 0.73125
0 0.455986 0.488542 0.752347 0.73125
0 0.448357 0.484375 0.748826 0.722917
0 0.451878 0.483333 0.765258 0.725
0 0.450704 0.484375 0.762911 0.71875
0 0.451291 0.48125 0.761737 0.7125
0 0.444836 0.485417 0.758216 0.720833
0 0.444249 0.484375 0.764085 0.722917
0 0.433099 0.486458 0.753521 0.727083
0 0.43662 0.485417 0.762911 0.725
0 0.478286 0.471875 0.571596 0.56875
0 0.546362 0.448958 0.505869 0.65625
0 0.549296 0.452083 0.5 0.658333
0 0.553991 0.451042 0.5 0.660417
0 0.56162 0.4625 0.501174 0.675
0 0.559859 0.453125 0.502347 0.660417
0 0.235329 0.488542 0.470657 0.752083
0 0.507042 0.436458 0.535211 0.63125
0 0.465962 0.4625 0.377934 0.5875
0 0.485915 0.461458 0.342723 0.602083
0 0.484155 0.461458 0.350939 0.627083
0 0.481808 0.46875 0.360329 0.633333
0 0.490023 0.454167 0.350939 0.616667
0 0.49061 0.45 0.366197 0.6125
0 0.474178 0.453125 0.375587 0.627083
0 0.471831 0.460417 0.387324 0.645833
0 0.475352 0.464583 0.392019 0.658333
0 0.475939 0.466667 0.40493 0.670833
0 0.474765 0.46875 0.421362 0.679167
0 0.471831 0.473958 0.420188 0.685417
0 0.472418 0.491667 0.423709 0.695833
0 0.4777 0.508333 0.431925 0.675
0 0.477113 0.544792 0.426056 0.602083
0 0.4777 0.548958 0.431925 0.59375
0 0.481221 0.55 0.446009 0.604167
0 0.474765 0.552083 0.454225 0.616667
0 0.469484 0.544792 0.448357 0.63125
0 0.469484 0.540625 0.448357 0.639583
0 0.478286 0.532292 0.421362 0.647917
0 0.478873 0.522917 0.431925 0.6625
0 0.478286 0.521875 0.442488 0.672917
0 0.486502 0.515625 0.437793 0.685417
0 0.485915 0.513542 0.441315 0.69375
0 0.492371 0.492708 0.451878 0.727083
0 0.512324 0.489583 0.433099 0.733333
0 0.507629 0.485417 0.435446 0.729167
0 0.498826 0.485417 0.438967 0.729167
0 0.492958 0.483333 0.434272 0.720833
0 0.498239 0.483333 0.437793 0.725
0 0.491197 0.480208 0.435446 0.71875
0 0.495305 0.480208 0.450704 0.71875
0 0.497066 0.480208 0.463615 0.71875
0 0.498826 0.480208 0.450704 0.722917
0 0.501761 0.480208 0.465962 0.71875
0 0.492371 0.477083 0.480047 0.7125
0 0.519953 0.470833 0.960094 0.766667
0 0.519366 0.472917 0.961268 0.775
0 0.519953 0.473958 0.960094 0.772917
0 0.559859 0.442708 0.438967 0.63125
0 0.576878 0.45 0.430751 0.629167
0 0.786385 0.341667 0.422535 0.420833
0 0.786385 0.346875 0.42723 0.43125
0 0.695423 0.446875 0.597418 0.652083
0 0.695423 0.451042 0.597418 0.660417
0 0.690141 0.453125 0.610329 0.66875
0 0.691315 0.447917 0.607981 0.6625
0 0.681338 0.448958 0.620892 0.660417
0 0.678991 0.452083 0.627934 0.670833
0 0.66784 0.454167 0.657277 0.670833
0 0.65493 0.458333 0.683099 0.670833
0 0.642606 0.467708 0.714789 0.69375
0 0.661385 0.455208 0.672535 0.660417
0 0.657277 0.448958 0.685446 0.652083
0 0.651408 0.451042 0.697183 0.65625
0 0.649061 0.453125 0.701878 0.660417
0 0.648474 0.452083 0.703052 0.658333
0 0.650235 0.457292 0.699531 0.65625
0 0.643192 0.45625 0.713615 0.6625
0 0.469484 0.45625 0.84507 0.691667
0 0.474178 0.457292 0.833333 0.685417
0 0.470657 0.45625 0.807512 0.683333
0 0.461854 0.4625 0.803991 0.679167
0 0.433685 0.458333 0.803991 0.683333
0 0.438967 0.459375 0.821596 0.697917
0 0.450704 0.4625 0.793427 0.6875
0 0.451291 0.463542 0.803991 0.689583
0 0.451291 0.460417 0.796948 0.683333
0 0.451878 0.460417 0.800469 0.683333
0 0.450117 0.464583 0.818075 0.704167
0 0.451878 0.465625 0.800469 0.697917
0 0.453638 0.459375 0.794601 0.685417
0 0.451291 0.457292 0.792253 0.689583
0 0.447183 0.458333 0.788732 0.679167
0 0.453638 0.455208 0.789906 0.677083
0 0.448944 0.457292 0.792253 0.68125
0 0.449531 0.457292 0.805164 0.702083
0 0.455399 0.458333 0.809859 0.704167
0 0.463028 0.460417 0.808685 0.695833
0 0.468897 0.458333 0.803991 0.691667
0 0.467723 0.460417 0.82277 0.7
0 0.467136 0.459375 0.821596 0.69375
0 0.476526 0.454167 0.821596 0.6875
0 0.476526 0.454167 0.842723 0.683333
0 0.480634 0.452083 0.848592 0.6875
0 0.485329 0.455208 0.846244 0.69375
0 0.488263 0.454167 0.86385 0.683333
0 0.491784 0.45 0.889671 0.7
0 0.498826 0.451042 0.892019 0.714583
0 0.495305 0.459375 0.868545 0.677083
0 0.492958 0.457292 0.877934 0.68125
0 0.497653 0.45625 0.903756 0.695833
0 0.517606 0.455208 0.91784 0.66875
0 0.510563 0.451042 0.92723 0.677083
0 0.518192 0.452083 0.956573 0.670833
0 0.663732 0.45 0.672535 0.641667
0 0.660798 0.455208 0.673709 0.65625
0 0.570423 0.45625 0.516432 0.658333
0 0.521714 0.439583 0.956573 0.708333
0 0.523474 0.442708 0.953052 0.714583
0 0.524061 0.320833 0.484742 0.379167
0 0.525822 0.315625 0.474178 0.36875
0 0.528756 0.325 0.482394 0.3875
0 0.535211 0.336458 0.485915 0.410417
0 0.534038 0.327083 0.485915 0.391667
0 0.534624 0.322917 0.480047 0.383333
0 0.534038 0.329167 0.483568 0.395833
0 0.331573 0.484375 0.663146 0.70625
0 0.341549 0.476042 0.683099 0.689583
0 0.474178 0.478125 0.913146 0.735417
0 0.450704 0.4625 0.901408 0.75
0 0.461854 0.473958 0.872066 0.722917
0 0.461268 0.470833 0.920188 0.766667
0 0.468897 0.469792 0.893192 0.73125
0 0.474178 0.471875 0.910798 0.764583
0 0.471244 0.476042 0.888498 0.73125
0 0.475352 0.472917 0.882629 0.733333
0 0.478286 0.472917 0.883803 0.729167
0 0.473005 0.472917 0.873239 0.725
0 0.474765 0.472917 0.879108 0.725
0 0.478286 0.471875 0.883803 0.722917
0 0.4777 0.471875 0.903756 0.760417
0 0.475352 0.466667 0.92723 0.7625
0 0.478873 0.46875 0.906103 0.741667
0 0.483568 0.466667 0.903756 0.745833
0 0.485329 0.467708 0.921362 0.760417
0 0.48885 0.464583 0.937793 0.758333
0 0.492371 0.461458 0.933099 0.760417
0 0.488263 0.4625 0.948357 0.770833
0 0.480047 0.464583 0.93662 0.7625
0 0.485915 0.463542 0.931925 0.760417
0 0.485329 0.4625 0.942488 0.766667
0 0.487676 0.460417 0.947183 0.770833
0 0.485915 0.459375 0.941315 0.760417
0 0.489437 0.459375 0.943662 0.752083
0 0.490023 0.455208 0.942488 0.74375
0 0.487676 0.459375 0.944836 0.760417
0 0.487089 0.459375 0.941315 0.760417
0 0.487089 0.459375 0.946009 0.764583
0 0.488263 0.457292 0.943662 0.76875
0 0.48885 0.465625 0.95892 0.76875
0 0.49061 0.465625 0.955399 0.764583
0 0.487676 0.463542 0.951878 0.752083
0 0.487676 0.459375 0.954225 0.752083
0 0.48885 0.4625 0.956573 0.754167
0 0.491784 0.460417 0.971831 0.758333
0 0.48885 0.463542 0.965962 0.760417
0 0.482981 0.466667 0.942488 0.766667
0 0.484742 0.46875 0.948357 0.779167
0 0.48885 0.467708 0.956573 0.76875
0 0.490023 0.469792 0.940141 0.764583
0 0.519953 0.467708 0.960094 0.739583
0 0.522887 0.467708 0.954225 0.739583
0 0.5223 0.46875 0.955399 0.741667
0 0.494131 0.466667 0.957747 0.7625
0 0.447183 0.475 0.464789 0.7125
0 0.444249 0.471875 0.59507 0.710417
0 0.442488 0.471875 0.593897 0.710417
0 0.445423 0.476042 0.588028 0.71875
0 0.439554 0.478125 0.578638 0.71875
0 0.430751 0.472917 0.612676 0.708333
0 0.421362 0.478125 0.629108 0.722917
0 0.418427 0.475 0.719484 0.720833
0 0.639671 0.470833 0.441315 0.445833
0 0.634977 0.457292 0.511737 0.660417
0 0.584507 0.540625 0.462441 0.55625
0 0.436033 0.427083 0.496479 0.504167
0 0.423709 0.36875 0.600939 0.4625
0 0.423122 0.365625 0.602113 0.45625
0 0.420188 0.358333 0.612676 0.445833
0 0.484742 0.439583 0.568075 0.591667
0 0.476526 0.457292 0.600939 0.635417
0 0.462441 0.44375 0.63615 0.6125
0 0.452465 0.448958 0.653756 0.622917
0 0.440141 0.439583 0.711268 0.6
0 0.454225 0.394792 0.669014 0.510417
0 0.421948 0.440625 0.719484 0.610417
0 0.421362 0.439583 0.730047 0.6
0 0.612676 0.429167 0.50939 0.591667
0 0.574531 0.383333 0.480047 0.508333
0 0.724178 0.394792 0.532864 0.439583
0 0.724178 0.392708 0.535211 0.435417
0 0.726526 0.390625 0.528169 0.439583
0 0.725352 0.391667 0.542253 0.441667
0 0.745892 0.392708 0.508216 0.439583
0 0.755869 0.389583 0.488263 0.433333
0 0.765258 0.38125 0.469484 0.425
0 0.752934 0.377083 0.440141 0.441667
0 0.771714 0.394792 0.456573 0.497917
0 0.758216 0.359375 0.483568 0.460417
0 0.758216 0.359375 0.483568 0.460417
0 0.755282 0.359375 0.489437 0.460417
0 0.737676 0.341667 0.231221 0.420833
0 0.737089 0.352083 0.223005 0.416667
0 0.734742 0.357292 0.2277 0.410417
0 0.732394 0.364583 0.237089 0.408333
0 0.732394 0.366667 0.246479 0.425
0 0.732981 0.369792 0.245305 0.44375
0 0.726526 0.365625 0.251174 0.452083
0 0.717136 0.3625 0.253521 0.458333
0 0.710094 0.360417 0.253521 0.458333
0 0.881455 0.491667 0.237089 0.6875
0 0.778756 0.463542 0.440141 0.647917
0 0.540493 0.486458 0.919014 0.747917
0 0.534624 0.480208 0.919014 0.739583
0 0.584507 0.484375 0.830986 0.69375
0 0.587441 0.484375 0.808685 0.685417
0 0.597418 0.485417 0.78169 0.6625
0 0.515845 0.49375 0.96831 0.808333
0 0.384977 0.465625 0.441315 0.647917
0 0.416667 0.501042 0.497653 0.71875
0 0.418427 0.488542 0.5223 0.727083
0 0.441901 0.4875 0.573944 0.741667
0 0.451291 0.49375 0.611502 0.741667
0 0.441901 0.495833 0.592723 0.733333
0 0.434272 0.490625 0.605634 0.74375
0 0.330986 0.489583 0.457746 0.716667
0 0.475939 0.466667 0.644366 0.679167
0 0.490023 0.564583 0.341549 0.508333
0 0.484742 0.5625 0.349765 0.516667
0 0.478286 0.561458 0.357981 0.535417
0 0.469484 0.5625 0.361502 0.5375
0 0.467723 0.5625 0.360329 0.533333
0 0.464789 0.559375 0.359155 0.535417
0 0.465376 0.565625 0.360329 0.547917
0 0.465376 0.56875 0.362676 0.558333
0 0.46831 0.567708 0.366197 0.560417
0 0.47007 0.560417 0.369718 0.558333
0 0.473592 0.559375 0.369718 0.552083
0 0.474765 0.557292 0.372066 0.547917
0 0.478873 0.555208 0.384977 0.552083
0 0.480047 0.552083 0.396714 0.554167
0 0.47946 0.547917 0.402582 0.5625
0 0.480634 0.546875 0.40493 0.564583
0 0.478286 0.542708 0.400235 0.56875
0 0.478286 0.540625 0.39554 0.572917
0 0.4777 0.535417 0.394366 0.579167
0 0.471831 0.540625 0.387324 0.56875
0 0.471244 0.526042 0.388498 0.597917
0 0.47007 0.523958 0.38615 0.602083
0 0.474765 0.520833 0.39554 0.608333
0 0.480047 0.521875 0.399061 0.610417
0 0.572183 0.486458 0.656103 0.727083
0 0.592723 0.478125 0.673709 0.710417
0 0.565728 0.478125 0.849765 0.722917
0 0.526995 0.461458 0.678404 0.70625
0 0.535211 0.465625 0.887324 0.735417
0 0.776995 0.38125 0.384977 0.5125
0 0.782277 0.3875 0.435446 0.5375
0 0.782277 0.383333 0.435446 0.533333
0 0.786972 0.382292 0.426056 0.535417
0 0.785798 0.379167 0.428404 0.529167
0 0.775235 0.380208 0.449531 0.527083
0 0.767606 0.384375 0.464789 0.53125
0 0.755282 0.383333 0.489437 0.533333
0 0.556338 0.369792 0.492958 0.24375
0 0.515258 0.44375 0.969484 0.679167
0 0.446596 0.460417 0.465962 0.679167
0 0.446009 0.45625 0.481221 0.670833
0 0.369131 0.477083 0.644366 0.683333
0 0.328638 0.471875 0.467136 0.677083
0 0.323944 0.469792 0.467136 0.68125
0 0.321009 0.465625 0.473005 0.68125
0 0.485329 0.461458 0.951878 0.71875
0 0.487676 0.4625 0.949531 0.720833
0 0.50939 0.471875 0.978873 0.727083
0 0.512911 0.477083 0.974178 0.7375
0 0.51115 0.483333 0.963615 0.745833
0 0.514085 0.485417 0.971831 0.7625
0 0.51115 0.478125 0.9777 0.75625
0 0.512324 0.467708 0.975352 0.75625
0 0.510563 0.470833 0.978873 0.766667
0 0.51115 0.485417 0.9777 0.783333
0 0.515845 0.482292 0.96831 0.79375
0 0.190728 0.442708 0.381455 0.64375
0 0.190141 0.452083 0.380282 0.6625
0 0.319836 0.480208 0.639671 0.710417
0 0.319836 0.486458 0.639671 0.727083
0 0.303991 0.476042 0.607981 0.702083
0 0.319249 0.489583 0.638498 0.733333
0 0.290493 0.4875 0.580986 0.729167
0 0.312793 0.49375 0.625587 0.745833
0 0.349178 0.49375 0.698357 0.75
0 0.347418 0.494792 0.694836 0.747917
0 0.518192 0.5125 0.963615 0.791667
0 0.521127 0.515625 0.957747 0.785417
0 0.280516 0.486458 0.323944 0.53125
0 0.277582 0.504167 0.339202 0.545833
0 0.191315 0.479167 0.382629 0.716667
